# Polygon Data(雍俊海: 计算机辅助几何造型(清华大学, 2014秋))
# 文件创建时间: 2014-12-17 22: 4:50

Tolerance 1e-006

Coordinate 1 0 0

A Polygon

Pointsize 72
-506 592
-760 587
-1036 542
-1146 416
-1217 283
-1244 107
-1360 -65
-1235 -278
-1009 -380
-841 -422
-669 -502
-436 -470
-307 -361
-407 -183
-232 -37
-61 74
-387 278
-212 404
86 528
53 599
-184 607
-303 606
-400 563
-467 589
-923 504
-524 510
-304 510
-258 481
-364 431
-478 385
-633 378
-700 385
-740 418
-848 424
-159 543
-10 543
-80 495
-108 493
-153 514
-1074 410
-900 419
-898 319
-974 268
-1008 278
-1070 325
-1087 344
-1088 357
-722 292
-583 280
-475 178
-643 45
-697 38
-744 209
-755 233
-1086 161
-883 139
-724 -97
-513 -267
-791 -333
-1043 -187
-1095 -103
-1144 118
-854 -10
-986 60
-1057 -6
-1002 -148
-833 -211
-817 -118
-961 -8
-906 -42
-931 -85
-967 -38

Regionsize 2
Region 0
Loopsize 6
Loop 0
PointIDsize 24
0 1 2 3 4 5 6 7 8 9 10 11 12 13 14 15 16 17 18 19 20 21 22 23 
Loop 1
PointIDsize 10
24 25 26 27 28 29 30 31 32 33 
Loop 2
PointIDsize 5
34 35 36 37 38 
Loop 3
PointIDsize 8
39 40 41 42 43 44 45 46 
Loop 4
PointIDsize 7
47 48 49 50 51 52 53 
Loop 5
PointIDsize 8
54 55 56 57 58 59 60 61 
Region 1
Loopsize 2
Loop 0
PointIDsize 6
62 63 64 65 66 67 
Loop 1
PointIDsize 4
68 69 70 71 

B Polygon

Pointsize 42
207 226
-537 265
-830 248
-958 -13
-941 -59
-796 -290
-783 -419
-454 -437
99 -231
325 39
355 227
-593 160
-312 162
-415 91
-512 8
-623 81
-654 131
-161 104
-2 104
59 6
-69 -104
-213 83
-212 136
-690 -104
-430 -86
-275 -126
-164 -278
-480 -369
-633 -356
-682 -201
-367 -171
-465 -159
-543 -198
-590 -243
-505 -299
-376 -299
-318 -265
-493 -207
-412 -202
-426 -235
-476 -247
-521 -229

Regionsize 2
Region 0
Loopsize 4
Loop 0
PointIDsize 11
0 1 2 3 4 5 6 7 8 9 10 
Loop 1
PointIDsize 6
11 12 13 14 15 16 
Loop 2
PointIDsize 6
17 18 19 20 21 22 
Loop 3
PointIDsize 7
23 24 25 26 27 28 29 
Region 1
Loopsize 2
Loop 0
PointIDsize 7
30 31 32 33 34 35 36 
Loop 1
PointIDsize 5
37 38 39 40 41 

