# Polygon Data(雍俊海: 计算机辅助几何造型(清华大学, 2014秋))
# 文件创建时间: 2014-12-18 16: 2:59

Tolerance 1e-006

Coordinate 1 0 0

A Polygon

Pointsize 27
-250 232
-401 264
-611 183
-663 72
-700 -64
-696 -89
-568 -166
-490 -178
-417 -185
-264 -142
-239 -27
-254 3
-210 134
-202 174
-236 217
-486 178
-454 180
-354 152
-334 133
-409 11
-415 -46
-415 -64
-572 -48
-573 -19
-579 84
-561 132
-515 163

Regionsize 1
Region 0
Loopsize 2
Loop 0
PointIDsize 15
0 1 2 3 4 5 6 7 8 9 10 11 12 13 14 
Loop 1
PointIDsize 12
15 16 17 18 19 20 21 22 23 24 25 26 

B Polygon

Pointsize 56
34 298
-224 296
-398 196
-400 63
-308 -102
-88 -175
161 -11
177 139
166 222
-189 232
-60 221
49 195
21 95
-63 63
-182 66
-266 148
-273 199
-196 5
-134 -10
-132 -54
-190 -61
-280 -25
-324 77
-361 121
-303 122
-463 88
-533 139
-608 226
-734 263
-901 136
-1038 -22
-853 -261
-559 -324
-463 -237
-453 -120
-458 -41
-451 44
-694 174
-499 60
-533 22
-636 48
-671 118
-655 -41
-575 -69
-556 -122
-604 -160
-664 -111
-792 113
-736 74
-790 -24
-864 21
-884 70
-800 -140
-667 -170
-700 -206
-794 -217

Regionsize 2
Region 0
Loopsize 3
Loop 0
PointIDsize 9
0 1 2 3 4 5 6 7 8 
Loop 1
PointIDsize 8
9 10 11 12 13 14 15 16 
Loop 2
PointIDsize 8
17 18 19 20 21 22 23 24 
Region 1
Loopsize 5
Loop 0
PointIDsize 12
25 26 27 28 29 30 31 32 33 34 35 36 
Loop 1
PointIDsize 5
37 38 39 40 41 
Loop 2
PointIDsize 5
42 43 44 45 46 
Loop 3
PointIDsize 5
47 48 49 50 51 
Loop 4
PointIDsize 4
52 53 54 55 

