# Polygon Data(雍俊海: 计算机辅助几何造型(清华大学, 2014秋))
# 文件创建时间: 2014-12-18 10: 4:47

Tolerance 1e-006

Coordinate 1 0 0

A Polygon

Pointsize 31
427.667 0
418.912 86.0887
393.008 168.653
351.013 244.312
294.648 309.97
226.22 362.937
148.531 401.045
64.7606 422.735
-21.661 427.118
-107.196 414.014
-188.342 383.961
-261.777 338.188
-324.496 278.57
-373.929 207.547
-408.054 128.028
-425.472 43.2663
-425.472 -43.2663
-408.054 -128.028
-373.929 -207.547
-324.496 -278.57
-261.777 -338.188
-188.342 -383.961
-107.196 -414.014
-21.661 -427.118
64.7606 -422.735
148.531 -401.045
226.22 -362.937
294.648 -309.97
351.013 -244.312
393.008 -168.653
418.912 -86.0887

Regionsize 1
Region 0
Loopsize 1
Loop 0
PointIDsize 31
0 1 2 3 4 5 6 7 8 9 10 11 12 13 14 15 16 17 18 19 20 21 22 23 24 25 26 27 28 29 30 

B Polygon

Pointsize 18
130 549
-98 566
2 95
-408 380
-521 181
-65 65
-556 -82
-486 -253
-65 -7
-2 -46
-293 -475
-20 -555
65 -12
302 -495
556 -224
63 66
615 129
455 423

Regionsize 6
Region 0
Loopsize 1
Loop 0
PointIDsize 3
0 1 2 
Region 1
Loopsize 1
Loop 0
PointIDsize 3
3 4 5 
Region 2
Loopsize 1
Loop 0
PointIDsize 3
6 7 8 
Region 3
Loopsize 1
Loop 0
PointIDsize 3
9 10 11 
Region 4
Loopsize 1
Loop 0
PointIDsize 3
12 13 14 
Region 5
Loopsize 1
Loop 0
PointIDsize 3
15 16 17 

