# Polygon Data(雍俊海: 计算机辅助几何造型(清华大学, 2014秋))
# 文件创建时间: 2014-12-18  9:30:57

Tolerance 1e-006

Coordinate 1 0 0

A Polygon

Pointsize 30
427.667 0
418.321 88.9169
390.693 173.948
345.99 251.376
286.165 317.818
213.833 370.37
132.156 406.735
44.7033 425.324
-44.7033 425.324
-132.156 406.735
-213.833 370.37
-286.165 317.818
-345.99 251.376
-390.693 173.948
-418.321 88.9169
-427.667 2.42296e-013
-418.321 -88.9169
-390.693 -173.948
-345.99 -251.376
-286.165 -317.818
-213.833 -370.37
-132.156 -406.735
-44.7033 -425.324
44.7033 -425.324
132.156 -406.735
213.833 -370.37
286.165 -317.818
345.99 -251.376
390.693 -173.948
418.321 -88.9169

Regionsize 1
Region 0
Loopsize 1
Loop 0
PointIDsize 30
0 1 2 3 4 5 6 7 8 9 10 11 12 13 14 15 16 17 18 19 20 21 22 23 24 25 26 27 28 29 

B Polygon

Pointsize 29
-341 191
-384 249
-440 280
-488 257
-514 207
-526 170
-532 115
-527 87
-515 22
-485 -15
-432 -37
-375 1
352 148
362 34
414 -10
452 -28
479 -17
489 3
505 22
526 49
535 85
536 117
537 154
531 202
528 225
490 264
440 259
393 239
362 197

Regionsize 2
Region 0
Loopsize 1
Loop 0
PointIDsize 12
0 1 2 3 4 5 6 7 8 9 10 11 
Region 1
Loopsize 1
Loop 0
PointIDsize 17
12 13 14 15 16 17 18 19 20 21 22 23 24 25 26 27 28 

