# Polygon Data(雍俊海: 计算机辅助几何造型(清华大学, 2014秋))
# 文件创建时间: 2014-12-17 22:12:39

Tolerance 1e-006

Coordinate 1 0 0

A Polygon

Pointsize 200
197.667 1
196.823 27.8534
194.294 54.6008
190.092 81.1367
184.231 107.356
176.735 133.156
167.634 158.435
156.964 183.092
144.767 207.03
131.091 230.155
115.99 252.376
99.5228 273.605
81.7556 293.758
62.758 312.756
42.605 330.523
21.3762 346.99
-0.844741 362.091
-23.97 375.767
-47.9084 387.964
-72.5654 398.634
-97.8437 407.735
-123.644 415.231
-149.863 421.092
-176.399 425.294
-203.147 427.823
-230 428.667
-256.853 427.823
-283.601 425.294
-310.137 421.092
-336.356 415.231
-362.156 407.735
-387.435 398.634
-412.092 387.964
-436.03 375.767
-459.155 362.091
-481.376 346.99
-502.605 330.523
-522.758 312.756
-541.756 293.758
-559.523 273.605
-575.99 252.376
-591.091 230.155
-604.767 207.03
-616.964 183.092
-627.634 158.435
-636.735 133.156
-644.231 107.356
-650.092 81.1367
-654.294 54.6008
-656.823 27.8534
-657.667 1
-656.823 -25.8534
-654.294 -52.6008
-650.092 -79.1367
-644.231 -105.356
-636.735 -131.156
-627.634 -156.435
-616.964 -181.092
-604.767 -205.03
-591.091 -228.155
-575.99 -250.376
-559.523 -271.605
-541.756 -291.758
-522.758 -310.756
-502.605 -328.523
-481.376 -344.99
-459.155 -360.091
-436.03 -373.767
-412.092 -385.964
-387.435 -396.634
-362.156 -405.735
-336.356 -413.231
-310.137 -419.092
-283.601 -423.294
-256.853 -425.823
-230 -426.667
-203.147 -425.823
-176.399 -423.294
-149.863 -419.092
-123.644 -413.231
-97.8437 -405.735
-72.5654 -396.634
-47.9084 -385.964
-23.97 -373.767
-0.844741 -360.091
21.3762 -344.99
42.605 -328.523
62.758 -310.756
81.7556 -291.758
99.5228 -271.605
115.99 -250.376
131.091 -228.155
144.767 -205.03
156.964 -181.092
167.634 -156.435
176.735 -131.156
184.231 -105.356
190.092 -79.1367
194.294 -52.6008
196.823 -25.8534
90.75 1
90.1171 21.1401
88.2208 41.2006
85.0686 61.1026
80.673 80.7673
75.0514 100.117
68.2258 119.076
60.2233 137.569
51.0754 155.522
40.8182 172.866
29.4922 189.532
17.1421 205.454
3.81669 220.568
-10.4315 234.817
-25.5463 248.142
-41.4679 260.492
-58.1336 271.818
-75.4775 282.075
-93.4313 291.223
-111.924 299.226
-130.883 306.051
-150.233 311.673
-169.897 316.069
-189.799 319.221
-209.86 321.117
-230 321.75
-250.14 321.117
-270.201 319.221
-290.103 316.069
-309.767 311.673
-329.117 306.051
-348.076 299.226
-366.569 291.223
-384.522 282.075
-401.866 271.818
-418.532 260.492
-434.454 248.142
-449.568 234.817
-463.817 220.568
-477.142 205.454
-489.492 189.532
-500.818 172.866
-511.075 155.522
-520.223 137.569
-528.226 119.076
-535.051 100.117
-540.673 80.7673
-545.069 61.1026
-548.221 41.2006
-550.117 21.1401
-550.75 1
-550.117 -19.1401
-548.221 -39.2006
-545.069 -59.1026
-540.673 -78.7673
-535.051 -98.1172
-528.226 -117.076
-520.223 -135.569
-511.075 -153.522
-500.818 -170.866
-489.492 -187.532
-477.142 -203.454
-463.817 -218.568
-449.568 -232.817
-434.454 -246.142
-418.532 -258.492
-401.866 -269.818
-384.522 -280.075
-366.569 -289.223
-348.076 -297.226
-329.117 -304.051
-309.767 -309.673
-290.103 -314.069
-270.201 -317.221
-250.14 -319.117
-230 -319.75
-209.86 -319.117
-189.799 -317.221
-169.897 -314.069
-150.233 -309.673
-130.883 -304.051
-111.924 -297.226
-93.4313 -289.223
-75.4775 -280.075
-58.1336 -269.818
-41.4679 -258.492
-25.5463 -246.142
-10.4315 -232.817
3.81669 -218.568
17.1421 -203.454
29.4922 -187.532
40.8182 -170.866
51.0754 -153.522
60.2233 -135.569
68.2258 -117.076
75.0514 -98.1172
80.673 -78.7673
85.0686 -59.1026
88.2208 -39.2006
90.1171 -19.1401

Regionsize 1
Region 0
Loopsize 2
Loop 0
PointIDsize 100
0 1 2 3 4 5 6 7 8 9 10 11 12 13 14 15 16 17 18 19 20 21 22 23 24 25 26 27 28 29 30 31 32 33 34 35 36 37 38 39 40 41 42 43 44 45 46 47 48 49 50 51 52 53 54 55 56 57 58 59 60 61 62 63 64 65 66 67 68 69 70 71 72 73 74 75 76 77 78 79 80 81 82 83 84 85 86 87 88 89 90 91 92 93 94 95 96 97 98 99 
Loop 1
PointIDsize 100
199 198 197 196 195 194 193 192 191 190 189 188 187 186 185 184 183 182 181 180 179 178 177 176 175 174 173 172 171 170 169 168 167 166 165 164 163 162 161 160 159 158 157 156 155 154 153 152 151 150 149 148 147 146 145 144 143 142 141 140 139 138 137 136 135 134 133 132 131 130 129 128 127 126 125 124 123 122 121 120 119 118 117 116 115 114 113 112 111 110 109 108 107 106 105 104 103 102 101 100 

B Polygon

Pointsize 200
427.667 0
426.823 26.8534
424.294 53.6008
420.092 80.1367
414.231 106.356
406.735 132.156
397.634 157.435
386.964 182.092
374.767 206.03
361.091 229.155
345.99 251.376
329.523 272.605
311.756 292.758
292.758 311.756
272.605 329.523
251.376 345.99
229.155 361.091
206.03 374.767
182.092 386.964
157.435 397.634
132.156 406.735
106.356 414.231
80.1367 420.092
53.6008 424.294
26.8534 426.823
-2.58696e-013 427.667
-26.8534 426.823
-53.6008 424.294
-80.1367 420.092
-106.356 414.231
-132.156 406.735
-157.435 397.634
-182.092 386.964
-206.03 374.767
-229.155 361.091
-251.376 345.99
-272.605 329.523
-292.758 311.756
-311.756 292.758
-329.523 272.605
-345.99 251.376
-361.091 229.155
-374.767 206.03
-386.964 182.092
-397.634 157.435
-406.735 132.156
-414.231 106.356
-420.092 80.1367
-424.294 53.6008
-426.823 26.8534
-427.667 -1.08716e-012
-426.823 -26.8534
-424.294 -53.6008
-420.092 -80.1367
-414.231 -106.356
-406.735 -132.156
-397.634 -157.435
-386.964 -182.092
-374.767 -206.03
-361.091 -229.155
-345.99 -251.376
-329.523 -272.605
-311.756 -292.758
-292.758 -311.756
-272.605 -329.523
-251.376 -345.99
-229.155 -361.091
-206.03 -374.767
-182.092 -386.964
-157.435 -397.634
-132.156 -406.735
-106.356 -414.231
-80.1367 -420.092
-53.6008 -424.294
-26.8534 -426.823
-7.85611e-014 -427.667
26.8534 -426.823
53.6008 -424.294
80.1367 -420.092
106.356 -414.231
132.156 -406.735
157.435 -397.634
182.092 -386.964
206.03 -374.767
229.155 -361.091
251.376 -345.99
272.605 -329.523
292.758 -311.756
311.756 -292.758
329.523 -272.605
345.99 -251.376
361.091 -229.155
374.767 -206.03
386.964 -182.092
397.634 -157.435
406.735 -132.156
414.231 -106.356
420.092 -80.1367
424.294 -53.6008
426.823 -26.8534
320.75 0
320.117 20.1401
318.221 40.2006
315.069 60.1026
310.673 79.7673
305.051 99.1172
298.226 118.076
290.223 136.569
281.075 154.522
270.818 171.866
259.492 188.532
247.142 204.454
233.817 219.568
219.568 233.817
204.454 247.142
188.532 259.492
171.866 270.818
154.522 281.075
136.569 290.223
118.076 298.226
99.1172 305.051
79.7673 310.673
60.1026 315.069
40.2006 318.221
20.1401 320.117
-1.94022e-013 320.75
-20.1401 320.117
-40.2006 318.221
-60.1026 315.069
-79.7673 310.673
-99.1172 305.051
-118.076 298.226
-136.569 290.223
-154.522 281.075
-171.866 270.818
-188.532 259.492
-204.454 247.142
-219.568 233.817
-233.817 219.568
-247.142 204.454
-259.492 188.532
-270.818 171.866
-281.075 154.522
-290.223 136.569
-298.226 118.076
-305.051 99.1172
-310.673 79.7673
-315.069 60.1026
-318.221 40.2006
-320.117 20.1401
-320.75 -8.15369e-013
-320.117 -20.1401
-318.221 -40.2006
-315.069 -60.1026
-310.673 -79.7673
-305.051 -99.1172
-298.226 -118.076
-290.223 -136.569
-281.075 -154.522
-270.818 -171.866
-259.492 -188.532
-247.142 -204.454
-233.817 -219.568
-219.568 -233.817
-204.454 -247.142
-188.532 -259.492
-171.866 -270.818
-154.522 -281.075
-136.569 -290.223
-118.076 -298.226
-99.1172 -305.051
-79.7673 -310.673
-60.1026 -315.069
-40.2006 -318.221
-20.1401 -320.117
-5.89208e-014 -320.75
20.1401 -320.117
40.2006 -318.221
60.1026 -315.069
79.7673 -310.673
99.1172 -305.051
118.076 -298.226
136.569 -290.223
154.522 -281.075
171.866 -270.818
188.532 -259.492
204.454 -247.142
219.568 -233.817
233.817 -219.568
247.142 -204.454
259.492 -188.532
270.818 -171.866
281.075 -154.522
290.223 -136.569
298.226 -118.076
305.051 -99.1172
310.673 -79.7673
315.069 -60.1026
318.221 -40.2006
320.117 -20.1401

Regionsize 1
Region 0
Loopsize 2
Loop 0
PointIDsize 100
0 1 2 3 4 5 6 7 8 9 10 11 12 13 14 15 16 17 18 19 20 21 22 23 24 25 26 27 28 29 30 31 32 33 34 35 36 37 38 39 40 41 42 43 44 45 46 47 48 49 50 51 52 53 54 55 56 57 58 59 60 61 62 63 64 65 66 67 68 69 70 71 72 73 74 75 76 77 78 79 80 81 82 83 84 85 86 87 88 89 90 91 92 93 94 95 96 97 98 99 
Loop 1
PointIDsize 100
199 198 197 196 195 194 193 192 191 190 189 188 187 186 185 184 183 182 181 180 179 178 177 176 175 174 173 172 171 170 169 168 167 166 165 164 163 162 161 160 159 158 157 156 155 154 153 152 151 150 149 148 147 146 145 144 143 142 141 140 139 138 137 136 135 134 133 132 131 130 129 128 127 126 125 124 123 122 121 120 119 118 117 116 115 114 113 112 111 110 109 108 107 106 105 104 103 102 101 100 

